{
 "cells": [
  {
   "cell_type": "code",
   "execution_count": 1,
   "metadata": {},
   "outputs": [],
   "source": [
    "# ==============================================================================================================\n",
    "# The following snippet demonstrates various camera properties\n",
    "# ==============================================================================================================\n",
    "\n",
    "import math\n",
    "import torch\n",
    "import numpy as np\n",
    "from kaolin.render.camera import Camera"
   ]
  },
  {
   "cell_type": "code",
   "execution_count": 2,
   "metadata": {},
   "outputs": [
    {
     "name": "stdout",
     "output_type": "stream",
     "text": [
      "800\n",
      "800\n",
      "pinhole\n",
      "cuda:0\n",
      "cpu\n",
      "CameraExtrinsics of 2 cameras, of coordinate system: \n",
      "tensor([[1., 0., 0.],\n",
      "        [0., 1., 0.],\n",
      "        [0., 0., 1.]], device='cuda:0'). \n",
      "Camera #0 View Matrix: \n",
      "tensor([[[ 0.7071,  0.0000, -0.7071,  0.0000],\n",
      "         [-0.4082,  0.8165, -0.4082,  0.0000],\n",
      "         [ 0.5774,  0.5774,  0.5774, -6.9282],\n",
      "         [ 0.0000,  0.0000,  0.0000,  1.0000]],\n",
      "\n",
      "        [[ 0.7071,  0.0000, -0.7071,  0.0000],\n",
      "         [-0.4082,  0.8165, -0.4082,  0.0000],\n",
      "         [ 0.5774,  0.5774,  0.5774, -6.9282],\n",
      "         [ 0.0000,  0.0000,  0.0000,  1.0000]]]),\n",
      "Camera #0 Inverse View Matrix: \n",
      "tensor([[[ 0.7071, -0.4082,  0.5774,  4.0000],\n",
      "         [ 0.0000,  0.8165,  0.5774,  4.0000],\n",
      "         [-0.7071, -0.4082,  0.5774,  4.0000],\n",
      "         [ 0.0000,  0.0000,  0.0000,  1.0000]],\n",
      "\n",
      "        [[ 0.7071, -0.4082,  0.5774,  4.0000],\n",
      "         [ 0.0000,  0.8165,  0.5774,  4.0000],\n",
      "         [-0.7071, -0.4082,  0.5774,  4.0000],\n",
      "         [ 0.0000,  0.0000,  0.0000,  1.0000]]])\n",
      "\n",
      "Camera #1 View Matrix: \n",
      "tensor([[[ 0.7071,  0.0000, -0.7071,  0.0000],\n",
      "         [-0.4082,  0.8165, -0.4082,  0.0000],\n",
      "         [ 0.5774,  0.5774,  0.5774, -6.9282],\n",
      "         [ 0.0000,  0.0000,  0.0000,  1.0000]],\n",
      "\n",
      "        [[ 0.7071,  0.0000, -0.7071,  0.0000],\n",
      "         [-0.4082,  0.8165, -0.4082,  0.0000],\n",
      "         [ 0.5774,  0.5774,  0.5774, -6.9282],\n",
      "         [ 0.0000,  0.0000,  0.0000,  1.0000]]]),\n",
      "Camera #1 Inverse View Matrix: \n",
      "tensor([[[ 0.7071, -0.4082,  0.5774,  4.0000],\n",
      "         [ 0.0000,  0.8165,  0.5774,  4.0000],\n",
      "         [-0.7071, -0.4082,  0.5774,  4.0000],\n",
      "         [ 0.0000,  0.0000,  0.0000,  1.0000]],\n",
      "\n",
      "        [[ 0.7071, -0.4082,  0.5774,  4.0000],\n",
      "         [ 0.0000,  0.8165,  0.5774,  4.0000],\n",
      "         [-0.7071, -0.4082,  0.5774,  4.0000],\n",
      "         [ 0.0000,  0.0000,  0.0000,  1.0000]]])\n",
      "\n",
      "PinholeIntrinsics of 2 cameras of resolution 800x800.\n",
      "Camera #0: {'x0': 0.0, 'y0': 0.0, 'focal_x': 1492.8203125, 'focal_y': 1492.8203125}\n",
      "Camera #1: {'x0': 0.0, 'y0': 0.0, 'focal_x': 1492.8203125, 'focal_y': 1492.8203125}\n",
      "\n",
      "CameraExtrinsics of 1 cameras, of coordinate system: \n",
      "tensor([[1., 0., 0.],\n",
      "        [0., 1., 0.],\n",
      "        [0., 0., 1.]], device='cuda:0'). \n",
      "Camera #0 View Matrix: \n",
      "tensor([[[ 0.7071,  0.0000, -0.7071,  0.0000],\n",
      "         [-0.4082,  0.8165, -0.4082,  0.0000],\n",
      "         [ 0.5774,  0.5774,  0.5774, -6.9282],\n",
      "         [ 0.0000,  0.0000,  0.0000,  1.0000]]]),\n",
      "Camera #0 Inverse View Matrix: \n",
      "tensor([[[ 0.7071, -0.4082,  0.5774,  4.0000],\n",
      "         [ 0.0000,  0.8165,  0.5774,  4.0000],\n",
      "         [-0.7071, -0.4082,  0.5774,  4.0000],\n",
      "         [ 0.0000,  0.0000,  0.0000,  1.0000]]])\n",
      "\n",
      "PinholeIntrinsics of 1 cameras of resolution 800x800.\n",
      "Camera #0: {'x0': 0.0, 'y0': 0.0, 'focal_x': 1492.8203125, 'focal_y': 1492.8203125}\n",
      "\n",
      "torch.float32\n",
      "torch.float16\n",
      "torch.float64\n",
      "torch.float32\n",
      "False\n",
      "False\n",
      "CameraExtrinsics of 1 cameras, of coordinate system: \n",
      "tensor([[1., 0., 0.],\n",
      "        [0., 1., 0.],\n",
      "        [0., 0., 1.]], device='cuda:0'). \n",
      "Camera #0 View Matrix: \n",
      "tensor([[[ 0.7070,  0.0000, -0.7070,  0.0000],\n",
      "         [-0.4082,  0.8164, -0.4082,  0.0000],\n",
      "         [ 0.5771,  0.5771,  0.5771, -6.9297],\n",
      "         [ 0.0000,  0.0000,  0.0000,  1.0000]]], device='cuda:0',\n",
      "       dtype=torch.float64),\n",
      "Camera #0 Inverse View Matrix: \n",
      "tensor([[[ 0.7070, -0.4082,  0.5771,  3.9995],\n",
      "         [ 0.0000,  0.8164,  0.5771,  3.9995],\n",
      "         [-0.7070, -0.4082,  0.5771,  3.9995],\n",
      "         [ 0.0000,  0.0000,  0.0000,  1.0000]]], device='cuda:0',\n",
      "       dtype=torch.float64)\n",
      "\n",
      "PinholeIntrinsics of 1 cameras of resolution 800x800.\n",
      "Camera #0: {'x0': 0.0, 'y0': 0.0, 'focal_x': 1493.0, 'focal_y': 1493.0}\n",
      "\n"
     ]
    }
   ],
   "source": [
    "device = 'cuda'\n",
    "\n",
    "camera = Camera.from_args(\n",
    "    eye=torch.tensor([4.0, 4.0, 4.0]),\n",
    "    at=torch.tensor([0.0, 0.0, 0.0]),\n",
    "    up=torch.tensor([0.0, 1.0, 0.0]),\n",
    "    fov=30 * np.pi / 180,  # In radians\n",
    "    width=800, height=800,\n",
    "    dtype=torch.float32,\n",
    "    device=device\n",
    ")\n",
    "\n",
    "print(camera.width)\n",
    "print(camera.height)\n",
    "print(camera.lens_type)\n",
    "\n",
    "print(camera.device)\n",
    "camera = camera.cpu()\n",
    "print(camera.device)\n",
    "\n",
    "# Create a batched camera and view single element\n",
    "camera = Camera.cat((camera, camera))\n",
    "print(camera)\n",
    "camera = camera[0]\n",
    "print(camera)\n",
    "\n",
    "print(camera.dtype)\n",
    "camera = camera.half()\n",
    "print(camera.dtype)\n",
    "camera = camera.double()\n",
    "print(camera.dtype)\n",
    "camera = camera.float()\n",
    "print(camera.dtype)\n",
    "\n",
    "print(camera.extrinsics.requires_grad)\n",
    "print(camera.intrinsics.requires_grad)\n",
    "\n",
    "print(camera.to('cuda', torch.float64))"
   ]
  },
  {
   "cell_type": "code",
   "execution_count": null,
   "metadata": {},
   "outputs": [],
   "source": []
  }
 ],
 "metadata": {
  "kernelspec": {
   "display_name": "kaolin",
   "language": "python",
   "name": "python3"
  },
  "language_info": {
   "codemirror_mode": {
    "name": "ipython",
    "version": 3
   },
   "file_extension": ".py",
   "mimetype": "text/x-python",
   "name": "python",
   "nbconvert_exporter": "python",
   "pygments_lexer": "ipython3",
   "version": "3.11.8"
  }
 },
 "nbformat": 4,
 "nbformat_minor": 2
}
